12.01     1.0046052439606985
12.02     1.003664265582452
12.03     1.0028807730463694
12.04     1.0067845909542457
12.05     1.0059392656595778
12.06     1.0052545238898385
12.07     1.0044278836513865
12.08     1.0035591671679303
12.09     1.0027271618766578
12.1     1.0064663920236208
12.11     1.0058163306110566
12.12     1.0049764078078378
12.13     1.0040754526433804
12.14     1.0032982034505933
12.15     1.0072610353005316
12.16     1.006340977953991
12.17     1.0056942382292662
12.18     1.004845016251085
12.19     1.0040280671281765
12.2     1.0032403160960144
12.21     1.0071877807735152
12.22     1.0063427598751182
12.23     1.0054281023900002
12.24     1.0045736603032343
12.25     1.003898433669481
12.26     1.00309654739353
12.27     1.0070469316499577
12.28     1.006286528470322
12.29     1.0052941163297278
12.3     1.0045694189047119
12.31     1.0036971039414573
12.32     1.0029006605793283
12.33     1.0020524348029363
12.34     1.0059446647743278
12.35     1.0051061424882624
12.36     1.004295906771294
12.37     1.0035133201352773
12.38     1.0074747852005748
12.39     1.0066724114044567
12.4     1.0057931845896904
12.41     1.0049970124888712
12.42     1.0041639110792446
12.43     1.0034613513459267
12.44     1.0026503850276136
12.45     1.0064123226672252
12.46     1.0057083743814397
12.47     1.0049147334089257
12.48     1.0039694234121592
12.49     1.0078302033276536
12.5     1.0072196939914857
12.51     1.0063461559619915
12.52     1.0053954982794528
12.53     1.0046652402406697
12.54     1.0037907749339532
12.55     1.0078482096868044
12.56     1.0068559019724939
12.57     1.0060941826539986
12.58     1.0053561894202514
12.59     1.0045874138901214
12.6     1.0037071253901497
12.61     1.0071573185095808
12.62     1.0063621921985626
12.63     1.0056921996945862
12.64     1.0048202386442382
12.65     1.0087166858982552
12.66     1.00797430786797
12.67     1.006955480807239
12.68     1.0062641962107675
12.69     1.0056487160572882
12.7     1.004636968142211
12.71     1.0039944861483836
12.72     1.0076282656578734
12.73     1.0068264647044178
12.74     1.006043532936103
12.75     1.005257566486089
12.76     1.0044726902976129
12.77     1.0036251087649353
12.78     1.0029119963924475
12.79     1.0020152427564761
12.8     1.0057213841544668
12.81     1.0049605532016146
12.82     1.0040774682683522
12.83     1.0034196014390657
12.84     1.0071234636784985
12.85     1.0064928141108982
12.86     1.0055780071655063
12.87     1.0047822141289657
12.88     1.004100808970938
12.89     1.0032191499809289
12.9     1.00706066018634
12.91     1.0061258966704274
12.92     1.0054872526214726
12.93     1.004731641003833
12.94     1.0039283193486221
12.95     1.0030252643062831
12.96     1.0067348455163658
12.97     1.0061732863474606
12.98     1.0051068750144894
12.99     1.004478620574397
13.0     1.0078655652592494
13.01     1.007128326556221
13.02     1.0062358292830251
13.03     1.0056405164865414
13.04     1.0048778802177392
13.05     1.0043576123859197
13.06     1.0036397260392518
13.07     1.0073235924387625
13.08     1.0063418572489284
13.09     1.0056388222938244
13.1     1.004652031158999
13.11     1.0042599016801124
13.12     1.0032375734025738
13.13     1.0025364760662083
13.14     1.0060722030897347
13.15     1.0052940762901998
13.16     1.0046711082460065
13.17     1.0039711890906513
13.18     1.0073116628583663
13.19     1.0065994700213512
13.2     1.0061252734666886
13.21     1.0050875117363878
13.22     1.004339976519802
13.23     1.0036913452768075
13.24     1.0073257055044984
13.25     1.0063278154933175
13.26     1.0057010834390732
13.27     1.0049426361664946
13.28     1.0041174172187168
13.29     1.0076482702822007
13.3     1.006985529774371
13.31     1.0062728987383285
13.32     1.0055182609045223
13.33     1.0048304118137072
13.34     1.0041943448865027
13.35     1.0076790690796877
13.36     1.0071372818479858
13.37     1.0061656116411088
13.38     1.0053775222469605
13.39     1.0046216841622775
13.4     1.0041907381330721
13.41     1.0076250002961111
13.42     1.006691285879081
13.43     1.0062724130482326
13.44     1.0053302798100263
13.45     1.0047300723370534
13.46     1.0080364647991102
13.47     1.007501505305219
13.48     1.0064541490305772
13.49     1.0059489024818051
13.5     1.0051711157482552
13.51     1.0044265445514047
13.52     1.0079418897802448
13.53     1.0071260777442315
13.54     1.0063900934272272
13.55     1.0056588068762273
13.56     1.0048609381346605
13.57     1.0041615028846698
13.58     1.0033116484562052
13.59     1.0029006531157012
13.6     1.0064324544770509
13.61     1.0056338680723782
13.62     1.0048933085896856
13.63     1.0043076069565102
13.64     1.0036997997821946
13.65     1.0070996670934382
13.66     1.0062121701745872
13.67     1.0057586422680012
13.68     1.0049144050939511
13.69     1.0041465643356913
13.7     1.0034344072791785
13.71     1.0068967527567727
13.72     1.006313553798949
13.73     1.005416535364713
13.74     1.0046374591580256
13.75     1.0041323221881224
13.76     1.003265300436993
13.77     1.0066263951328827
13.78     1.0060904072385914
13.79     1.0052938592571974
13.8     1.004613211703031
13.81     1.0038363388194735
13.82     1.0032974300729016
13.83     1.0066386295130758
13.84     1.0060012987943194
13.85     1.005065772913425
13.86     1.004354613226854
13.87     1.0037144267659424
13.88     1.0028970880297052
13.89     1.0064426834795326
13.9     1.0057615045845938
13.91     1.0050343308086531
13.92     1.0043580958583265
13.93     1.0077480284123785
13.94     1.0068630322936751
13.95     1.0063356077994003
13.96     1.0056359093146559
13.97     1.0050438720690746
13.98     1.0042710537006267
13.99     1.0036027309579003
14.0     1.0067935521067373
14.01     1.006208505409471
14.02     1.0053917973948494
14.03     1.004747594545605
14.04     1.0081072058861633
14.05     1.007561375279947
14.06     1.0066438327666907
14.07     1.006263563648142
14.08     1.0053959523748934
14.09     1.008702193276316
14.1     1.0080216623677496
14.11     1.007558616296079
14.12     1.0067169084618446
14.13     1.005856046777156
14.14     1.0056295471765582
14.15     1.0045942316554866
14.16     1.0041007727098856
14.17     1.0034288700657903
14.18     1.0065827845288537
14.19     1.0061331144670156
14.2     1.005291542012818
14.21     1.0045981771783195
14.22     1.003909393749429
14.23     1.003250519389794
14.24     1.0067213048608976
14.25     1.0060165518494766
14.26     1.0053113083230363
14.27     1.004720169769835
14.28     1.0077872524389173
14.29     1.0071979664575232
14.3     1.0064869971809178
14.31     1.005915127875877
14.32     1.0051147020155682
14.33     1.00849502581431
14.34     1.0077425428222353
14.35     1.00718201065368
14.36     1.0064010611196783
14.37     1.0058908187529552
14.38     1.0050736903674458
14.39     1.0044490253488558
14.4     1.0077932224701753
14.41     1.0073013681792058
14.42     1.0067071357684603
14.43     1.0057020557280805
14.44     1.005241704247888
14.45     1.0046700282559242
14.46     1.007842427426997
14.47     1.0071489718479245
14.48     1.0066111316204502
14.49     1.005913022176703
14.5     1.005190608322876
14.51     1.0046210337253394
14.52     1.0038411664084608
14.53     1.0031170578408366
14.54     1.0063870077041437
14.55     1.0056752400173798
14.56     1.0050548745888852
14.57     1.0044686610471443
14.58     1.0074887447802185
14.59     1.0070069029614641
14.6     1.006275496347965
14.61     1.0054607253092869
14.62     1.0050967592627649
14.63     1.0042450146103163
14.64     1.0076035791020073
14.65     1.0068066588949511
14.66     1.0062702119622686
14.67     1.0058331293670755
14.68     1.0053168057035584
14.69     1.004553725636695
14.7     1.007506323074727
14.71     1.007181419486287
14.72     1.006281905610796
14.73     1.0057582876589157
14.74     1.0049270911744563
14.75     1.0044003262290788
14.76     1.0076187237892278
14.77     1.0068670198425589
14.78     1.0060847211346529
14.79     1.0055710604942516
14.8     1.0049802635048335
14.81     1.0079468088614507
14.82     1.00762259926896
14.83     1.0068839215038268
14.84     1.0061091144387042
14.85     1.0054754203657628
14.86     1.0048784055216515
14.87     1.0078446449643486
14.88     1.007364481092589
14.89     1.0066859644727606
14.9     1.006110838102645
14.91     1.0053754083244082
14.92     1.0046804546235444
14.93     1.0078788271460746
14.94     1.0073842394338166
14.95     1.0066603232921651
14.96     1.0058939909191225
14.97     1.0053611137758165
14.98     1.0048028478972852
14.99     1.007867848601194
15.0     1.0072415288923082
15.01     1.0063621756360102
15.02     1.0057726695564215
15.03     1.0052090878370359
15.04     1.0044981089181193
15.05     1.0037390454195008
15.06     1.0069010726354104
15.07     1.0062169174047757
15.08     1.0056442511792012
15.09     1.004928709495119
15.1     1.0041781549593063
15.11     1.0037406003309728
15.12     1.003001777117077
15.13     1.0061450477258886
15.14     1.005595458492401
15.15     1.004859059545502
15.16     1.0042264349855134
15.17     1.0035568446604892
15.18     1.0029862969242227
15.19     1.006043456604163
15.2     1.0054787482411935
15.21     1.0046758671458262
15.22     1.0041277374632822
15.23     1.003665869404781
15.24     1.0027479336867724
15.25     1.0058753124030313
15.26     1.0052418818434063
15.27     1.0046015370079153
15.28     1.004049017846924
15.29     1.0032634944577579
15.3     1.006381523695381
15.31     1.0055228734611703
15.32     1.0050626918113164
15.33     1.0045023215520157
15.34     1.0074514274907145
15.35     1.0069485422253104
15.36     1.0063403138136124
15.37     1.0055944581810001
15.38     1.0049364549291753
15.39     1.0079194980782331
15.4     1.0075108381218532
15.41     1.0068806612560395
15.42     1.0060177772444885
15.43     1.0055267385957665
15.44     1.0049523745679143
15.45     1.004374727614981
15.46     1.003672469118927
15.47     1.0068462387585546
15.48     1.006347484263857
15.49     1.0054927077162936
15.5     1.004737581563657
15.51     1.004190395724018
15.52     1.0033424444030845
15.53     1.0064751740440256
15.54     1.005998684722242
15.55     1.0054464534625438
15.56     1.004596331245882
15.57     1.0040229244184964
15.58     1.0070207081075095
15.59     1.0065105904826765
15.6     1.005769929150961
15.61     1.0051537767622496
15.62     1.004633796168541
15.63     1.0075154265276773
15.64     1.006918070597014
15.65     1.0063667221764305
15.66     1.0055888244193787
15.67     1.0050290123993124
15.68     1.0045625411873493
15.69     1.007535949666407
15.7     1.0068246801588834
15.71     1.0061302113230686
15.72     1.0055380686844957
15.73     1.004781990861135
15.74     1.0041922045913876
15.75     1.0071326293545737
15.76     1.006620821773541
15.77     1.0059281532309303
15.78     1.005486796456784
15.79     1.0082704942133143
15.8     1.0077557707499105
15.81     1.0070801205548514
15.82     1.0063714164578998
15.83     1.0057784066494058
15.84     1.005045575621618
15.85     1.0082878966400841
15.86     1.00762013194757
15.87     1.0070416185599755
15.88     1.0061874158544908
15.89     1.0057613140867514
15.9     1.005040244503036
15.91     1.0081004909943458
15.92     1.0075807283354794
15.93     1.0067387861786994
15.94     1.00623908189587
15.95     1.0056105581696932
15.96     1.0049504512376484
15.97     1.0044090633736462
15.98     1.0072860109694648
15.99     1.006741876500031
16.0     1.00597135000364
16.01     1.0054382258918475
16.02     1.0049229419822339
16.03     1.0042485678573005
16.04     1.0071281994983747
16.05     1.0065721011531747
16.06     1.0059264657797622
16.07     1.0053723979114588
16.08     1.0048027567090774
16.09     1.004116062974302
16.1     1.0069267552514183
16.11     1.0061250895942837
16.12     1.0055600150434816
16.13     1.0051426527804457
16.14     1.0078979242521495
16.15     1.0073403889721408
16.16     1.0065235721318608
16.17     1.0061306035814175
16.18     1.0053547421839546
16.19     1.0048077711607082
16.2     1.0078398187778068
16.21     1.0072667960469024
16.22     1.0066505113185582
16.23     1.0059609461571342
16.24     1.00533392438808
16.25     1.004747503236006
16.26     1.0074399863068075
16.27     1.0070137896735127
16.28     1.0063337269204813
16.29     1.0058170348664108
16.3     1.0086704923615148
16.31     1.0079537935044276
16.32     1.0074987196766205
16.33     1.006935917242568
16.34     1.0062653009354237
16.35     1.0056215180203878
16.36     1.0052291231559793
16.37     1.0079012291325564
16.38     1.0075368114671093
16.39     1.0067553427073095
16.4     1.0061361366460329
16.41     1.0054881747699231
16.42     1.0048952673626885
16.43     1.0042119880351241
16.44     1.0037618699485515
16.45     1.006569491759304
16.46     1.0062813689696275
16.47     1.0054404908851415
16.48     1.0049109671588519
16.49     1.0075922921448341
16.5     1.0071381644796333
16.51     1.0064929653982375
16.52     1.0058842391881206
16.53     1.0052974310747007
16.54     1.0047078756586514
16.55     1.0042360893285718
16.56     1.0070396278252398
16.57     1.0063281710221346
16.58     1.0056297547578823
16.59     1.0052082647957543
16.6     1.0044646567925888
16.61     1.0039694465965694
16.62     1.006765777591147
16.63     1.0061030505310826
16.64     1.005632005643705
16.65     1.005008930134762
16.66     1.0043968522231097
16.67     1.0072321776593482
16.68     1.0066063865462263
16.69     1.0061118443254258
16.7     1.0056332829809806
16.71     1.004840291091299
16.72     1.004364550202231
16.73     1.0071285802042789
16.74     1.0065032938659055
16.75     1.0058639093875235
16.76     1.0052164855824215
16.77     1.0046988882228207
16.78     1.0041288539083832
16.79     1.0069023581486638
16.8     1.006381869601096
16.81     1.0057865556641723
16.82     1.005143062219819
16.83     1.0046836540936035
16.84     1.0073985394023377
16.85     1.0068129862774267
16.86     1.0062139443229983
16.87     1.005743215912764
16.88     1.0051716126490589
16.89     1.0044262302719382
16.9     1.0072131152098638
16.91     1.0068302655420687
16.92     1.0060552002179919
16.93     1.0054864465139473
16.94     1.0048556776487922
16.95     1.007837734952989
16.96     1.0072872646664017
16.97     1.0067512790945814
16.98     1.0060146471263434
16.99     1.0052714188812488
17.0     1.0049244388084422
17.01     1.0076935558424558
17.02     1.0071131043969848
17.03     1.0064775280556313
17.04     1.0058708591966556
17.05     1.0052284760157137
17.06     1.0048450307619037
17.07     1.00757802218957
17.08     1.0069700483754442
17.09     1.0063248710083892
17.1     1.005794025970361
17.11     1.0052058423294428
17.12     1.0045266943045696
17.13     1.0073443795155057
17.14     1.0067559300636295
17.15     1.0061321473363787
17.16     1.0055938253293808
17.17     1.0050329124626842
17.18     1.0044539768213836
17.19     1.003872752748985
17.2     1.006659833839326
17.21     1.0061427671669314
17.22     1.0055582898523594
17.23     1.0048779515439983
17.24     1.0042823098667861
17.25     1.0037769044734324
17.26     1.003235203224649
17.27     1.0059529173795596
17.28     1.0054948747668828
17.29     1.0047534656559638
17.3     1.0042164831088953
17.31     1.0036389155177419
17.32     1.006454324441418
17.33     1.0059312192604533
17.34     1.0051881081387348
17.35     1.0048238717167632
17.36     1.0041723668617513
17.37     1.0069217988265944
17.38     1.0064668441321332
17.39     1.0057707082808356
17.4     1.0052268222438836
17.41     1.0046179035164133
17.42     1.0040343433600052
17.43     1.0068199765397172
17.44     1.0061684696633295
17.45     1.005772679182772
17.46     1.0049632309878032
17.47     1.004566780515374
17.48     1.0040311989447688
17.49     1.0067580291061122
17.5     1.0062219787523219
17.51     1.0054681208381195
17.52     1.0049688742005762
17.53     1.0043327906910335
17.54     1.0037615203388695
17.55     1.0032271031108686
17.56     1.0059879925539226
17.57     1.0054144614122926
17.58     1.004947665176327
17.59     1.0042559811618297
17.6     1.0068763906171432
17.61     1.0064972888248656
17.62     1.0059453814215895
17.63     1.005313743893822
17.64     1.0047889145179414
17.65     1.0042710373976231
17.66     1.0036981593503085
17.67     1.0063374416096245
17.68     1.0057941419545264
17.69     1.0052967019191288
17.7     1.0047265426864362
17.71     1.0041525270242806
17.72     1.0067280514497763
17.73     1.0063259851049386
17.74     1.005855417580127
17.75     1.005120540819659
17.76     1.0045477418962854
17.77     1.0041630327675843
17.78     1.0066178888376578
17.79     1.0061587533719882
17.8     1.0055113078163826
17.81     1.005015102767194
17.82     1.0043911433801755
17.83     1.003848346733099
17.84     1.0032548098640206
17.85     1.0027640693684898
17.86     1.0054662825830931
17.87     1.0048576015047002
17.88     1.0042538830744903
17.89     1.0038381125236884
17.9     1.0063941199764097
17.91     1.0057779177735031
17.92     1.0051717865195378
17.93     1.0047368710485833
17.94     1.0042074161723702
17.95     1.006860553125856
17.96     1.0062709965748258
17.97     1.0056642137666185
17.98     1.0051315464249038
17.99     1.0047935906700283
18.0     1.0073062113950446
18.01     1.0068182705639297
18.02     1.0062933974691366
18.03     1.0056824530099535
18.04     1.0050392447151133
18.05     1.004589348268525
18.06     1.0040698331152287
18.07     1.0065206269735754
18.08     1.0059974264840257
18.09     1.0053832922156303
18.1     1.004970281539588
18.11     1.0045672280565385
18.12     1.0040654921589047
18.13     1.0064541073148363
18.14     1.0063313905598232
18.15     1.0054992005086878
18.16     1.0050427098758012
18.17     1.0044018757265736
18.18     1.0039951662429791
18.19     1.0034365216807548
18.2     1.0029289490812958
18.21     1.00544618117561
18.22     1.0047365297743571
18.23     1.0041888433332116
18.24     1.003740267883651
18.25     1.0034560224324072
18.26     1.0057213575250732
18.27     1.0051117906862936
18.28     1.0046284732689073
18.29     1.0040268859709123
18.3     1.0034905831720737
18.31     1.003135225565184
18.32     1.0055420272164988
18.33     1.005168033305401
18.34     1.00441477100788
18.35     1.0040204865285605
18.36     1.00326507321545
18.37     1.0029617502262385
18.38     1.00540887584158
18.39     1.004952768910715
18.4     1.0043067073418301
18.41     1.0038214689351497
18.42     1.003267615604659
18.43     1.0028064561904584
18.44     1.005272466630523
18.45     1.0047667001405147
18.46     1.0041992893303386
18.47     1.0036018757239715
18.48     1.0062599176672549
18.49     1.005763353088474
18.5     1.0053881116200682
18.51     1.0047440613887106
18.52     1.0042647614211928
18.53     1.0067374213805462
18.54     1.0061928162482503
18.55     1.0056450970197097
18.56     1.005272417484487
18.57     1.0045845807589542
18.58     1.0040132121519698
18.59     1.0066408587174334
18.6     1.0061872532189742
18.61     1.0056498052781144
18.62     1.005100185417554
18.63     1.004416176792184
18.64     1.0038655573987274
18.65     1.0064710619284247
18.66     1.0060126822505413
18.67     1.0055294961518089
18.68     1.0048211345260782
18.69     1.004365753000157
18.7     1.003827391548008
18.71     1.0032915303265528
18.72     1.0027244682761907
18.73     1.0053086621101632
18.74     1.004951271509147
18.75     1.0042637399103709
18.76     1.003872367213364
18.77     1.0031336952332925
18.78     1.0026375057303185
18.79     1.0021557502030043
18.8     1.001562755453553
18.81     1.004253654235248
18.82     1.0036222649630613
18.83     1.003062209182832
18.84     1.002484833311167
18.85     1.001963880660957
18.86     1.00459813435574
18.87     1.004028770218326
18.88     1.0034505704767982
18.89     1.002982186058292
18.9     1.0023684610693437
18.91     1.00194394044634
18.92     1.0044122285115231
18.93     1.003924073937738
18.94     1.0035171646508914
18.95     1.0029707308141942
18.96     1.0024038438166585
18.97     1.0049529097066048
18.98     1.0044229793945436
18.99     1.0039653899396337
19.0     1.0034692867060728
19.01     1.005778231638407
19.02     1.0054580416818935
19.03     1.0048428810883958
19.04     1.00440889197229
19.05     1.0067994215400426
19.06     1.0061560560319753
19.07     1.0059539935336497
19.08     1.0053739826403838
19.09     1.0047388763576115
19.1     1.0042628348464286
19.11     1.0036387092067138
19.12     1.0033719705066615
19.13     1.0054714336196093
19.14     1.0052422399997212
19.15     1.0047799397729154
19.16     1.0042573996914574
19.17     1.003674239561844
19.18     1.003139254264182
19.19     1.0025745996291229
19.2     1.0048764867239564
19.21     1.0045725966895507
19.22     1.0039860605408282
19.23     1.0034108615720576
19.24     1.0031237903426307
19.25     1.005397178201501
19.26     1.0051032901282866
19.27     1.004508641547847
19.28     1.0040915708611862
19.29     1.00342988587088
19.3     1.0030021986910096
19.31     1.005454145638037
19.32     1.0047838462496494
19.33     1.0045170414967155
19.34     1.00390964472676
19.35     1.00342765647468
19.36     1.0029740816632393
19.37     1.0026352903877456
19.38     1.0048001172502818
19.39     1.0043777292031777
19.4     1.0039637452047008
19.41     1.003319743565152
19.42     1.0029073584544075
19.43     1.0023856382524008
19.44     1.0019985524346442
19.45     1.0040365144052836
19.46     1.0038378470087812
19.47     1.0031739406699234
19.48     1.0028748046139329
19.49     1.0050563724509127
19.5     1.0045103169287486
19.51     1.0041146495899695
19.52     1.0035536231165438
19.53     1.0030825109718116
19.54     1.002785151217508
19.55     1.0048711337230878
19.56     1.0046864203175239
19.57     1.0039689759965291
19.58     1.0034791148689304
19.59     1.0029783239902967
19.6     1.0054425759547883
19.61     1.004894290656615
19.62     1.004364947989523
19.63     1.0039180415228346
19.64     1.0032340904108332
19.65     1.0030362142048899
19.66     1.0023797206175586
19.67     1.0046123294706704
19.68     1.0042802815508975
19.69     1.003762615775099
19.7     1.0032840832645051
19.71     1.0027427580149837
19.72     1.002275339965003
19.73     1.004633207820831
19.74     1.0040002134052082
19.75     1.0034966048373326
19.76     1.002996323830135
19.77     1.0027534934608584
19.78     1.002088942136581
19.79     1.0015667390884089
19.8     1.0039211575581357
19.81     1.0034547062528174
19.82     1.0029845929396293
19.83     1.002546492383971
19.84     1.004867985008171
19.85     1.004588281937289
19.86     1.0038509539156424
19.87     1.0034187437345077
19.88     1.003008336704494
19.89     1.0024720183034594
19.9     1.0049333574366537
19.91     1.0042907708638846
19.92     1.0039117775755035
19.93     1.0033543004824135
19.94     1.0028181186537224
19.95     1.002202204397977
19.96     1.0019448294604243
19.97     1.0043347539852059
19.98     1.003650902985331
19.99     1.003361608359752
20.0     1.002814987104213
20.01     1.0049614812161234
20.02     1.0044763452416723
20.03     1.0042197646028448
20.04     1.003836802921472
20.05     1.003281989960067
20.06     1.002781086133676
20.07     1.0022178143348837
20.08     1.0045869980510127
20.09     1.00397517553505
20.1     1.0034664373302828
20.11     1.002978784114075
20.12     1.0025761381877463
20.13     1.0021292588876944
20.14     1.0018487453070162
20.15     1.0039054353843937
20.16     1.0035213434870918
20.17     1.0030997995431885
20.18     1.0025783639303019
20.19     1.004823933026079
20.2     1.004268313398437
20.21     1.0037676702375107
20.22     1.0034430080202967
20.23     1.0026800253392891
20.24     1.0023374353322962
20.25     1.0021010686042926
20.26     1.004171379536843
20.27     1.0038388551928972
20.28     1.0031284986048066
20.29     1.0028497758513257
20.3     1.0021925840697905
20.31     1.001708066393669
20.32     1.003987445033723
20.33     1.003521000334842
20.34     1.0030778473173423
20.35     1.0027442917447544
20.36     1.0021520256548184
20.37     1.0045776213423843
20.38     1.0040221184299867
20.39     1.003531906209677
20.4     1.0030916971573987
20.41     1.0025400494813494
20.42     1.0021070282763034
20.43     1.004361434897204
20.44     1.0038942875886774
20.45     1.0036652829942116
20.46     1.0028559114944082
20.47     1.00241114053718
20.48     1.0019354915622811
20.49     1.001757962934613
20.5     1.003670903511583
20.51     1.0033467271720402
20.52     1.0030133603530684
20.53     1.0023604759439748
20.54     1.0020255987742102
20.55     1.0041916073437656
20.56     1.0037013941780946
20.57     1.0035297236075365
20.58     1.0028672594844799
20.59     1.0024999680977793
20.6     1.0018963058576946
20.61     1.0040420669756487
20.62     1.0037471929290838
20.63     1.003250544473259
20.64     1.0027881717771536
20.65     1.0021882041584194
20.66     1.0044456883353299
20.67     1.0042023154531043
20.68     1.0037008964982552
20.69     1.0032751289898112
20.7     1.0028008835624613
20.71     1.0050712000808901
20.72     1.0045095478445525
20.73     1.0040391265569861
20.74     1.0035572679388172
20.75     1.0030863130415324
20.76     1.0027480777820088
20.77     1.0048069891815123
20.78     1.0042262575696164
20.79     1.0039125310243073
20.8     1.0035175552964335
20.81     1.0029910834758649
20.82     1.0026445019835761
20.83     1.0048360246332377
20.84     1.0043228111657758
20.85     1.0039034073299387
20.86     1.003427618411578
20.87     1.002804226638189
20.88     1.0023712470687014
20.89     1.0020954361353138
20.9     1.00423258599199
20.91     1.0038939386701007
20.92     1.0035085296683546
20.93     1.0029212766552578
20.94     1.0024309588670248
20.95     1.0021186828958197
20.96     1.0013795895303963
20.97     1.0010912120684412
20.98     1.0030987969266318
20.99     1.0026544946017102
21.0     1.002286782330334
21.01     1.001879714782016
21.02     1.0038039028485846
21.03     1.0036349418726447
21.04     1.0032961233433055
21.05     1.0025674899231523
21.06     1.0023041575650775
21.07     1.0019217051625928
21.08     1.004135324015743
21.09     1.0034701804469124
21.1     1.003390863417069
21.11     1.0027481428765948
21.12     1.0019660410811335
21.13     1.0016989191257049
21.14     1.0012742659826137
21.15     1.0035057107355478
21.16     1.0029264479603082
21.17     1.0025955104119886
21.18     1.0019770535300152
21.19     1.0013974085689936
21.2     1.0037883883812007
21.21     1.0032611097454
21.22     1.0030479380261397
21.23     1.002357214928482
21.24     1.00205549448597
21.25     1.0017300485536162
21.26     1.0036777774191534
21.27     1.0033593161423657
21.28     1.0028951443782042
21.29     1.0025220749905037
21.3     1.0045946313628984
21.31     1.0041991732616875
21.32     1.0039225416873965
21.33     1.003281205502232
21.34     1.0029126293393282
21.35     1.0022515664291833
21.36     1.0020862618961484
21.37     1.0039660030995048
21.38     1.003872749758793
21.39     1.0033040798032076
21.4     1.0027709070690611
21.41     1.002470852597108
21.42     1.001908641851822
21.43     1.0042010000866624
21.44     1.0035834386748792
21.45     1.0031959332163483
21.46     1.002631593159354
21.47     1.0022768679757759
21.48     1.0018479891548866
21.49     1.0037923065264922
21.5     1.0036356104433377
21.51     1.0028589519869024
21.52     1.0025428256689806
21.53     1.002139882336438
21.54     1.001734190050016
21.55     1.0012999266520797
21.56     1.0035029071274033
21.57     1.0030264133985871
21.58     1.002406398563641
21.59     1.0019381039579458
21.6     1.001469257346986
21.61     1.001022131959619
21.62     1.0031441944198545
21.63     1.0026688981250347
21.64     1.002162275583125
21.65     1.001929971298746
21.66     1.0040264051085437
21.67     1.0035712094913387
21.68     1.0030658955791534
21.69     1.002815039352009
21.7     1.0021366998490435
21.71     1.0042263478810658
21.72     1.0038903531950203
21.73     1.0035927311350752
21.74     1.003078207644732
21.75     1.0027191624207104
21.76     1.0020600626670464
21.77     1.001752496400224
21.78     1.0036527450409838
21.79     1.0031483477127032
21.8     1.002783899435633
21.81     1.002540665719094
21.82     1.0019542456032193
21.83     1.0041680073637365
21.84     1.0037290799738692
21.85     1.0032394069385422
21.86     1.0027856008705966
21.87     1.002497628792734
21.88     1.0018156762523436
21.89     1.001634295916542
21.9     1.0036013762972884
21.91     1.003275235144024
21.92     1.0027105923633495
21.93     1.0024659214652556
21.94     1.0018468977610553
21.95     1.0013524428747074
21.96     1.0035972647705078
21.97     1.0033516951837713
21.98     1.0025226167796684
21.99     1.0021780420819502
22.0     1.0016204463153524
22.01     1.0037162909580064
22.02     1.0032901912440306
22.03     1.0029473446158852
22.04     1.002335834396367
22.05     1.002033082918425
22.06     1.0014356704125877
22.07     1.0036669026991751
22.08     1.0030573607124602
22.09     1.002657249149195
22.1     1.002300403074377
22.11     1.0017836823989996
22.12     1.0013908680710368
22.13     1.0035226875148626
22.14     1.0028033190728953
22.15     1.0024618082300645
22.16     1.0018617225383346
22.17     1.0017376875638198
22.18     1.0013145507598473
22.19     1.0031190397012746
22.2     1.0030469920865266
22.21     1.0024890260834711
22.22     1.001987975489015
22.23     1.0016261330604248
22.24     1.0037052225428298
22.25     1.0034527213414488
22.26     1.0028061421930072
22.27     1.002248946871497
22.28     1.0019012306036184
22.29     1.0016413024867912
22.3     1.003664688975661
22.31     1.0034125336273918
22.32     1.0027502108863275
22.33     1.0022131985922558
22.34     1.0018202053606422
22.35     1.0041233959951252
22.36     1.0036445485254861
22.37     1.0032304932244598
22.38     1.0026817135098631
22.39     1.0021714583397898
22.4     1.0018244408639982
22.41     1.0014710074902355
22.42     1.0035178438081451
22.43     1.0031268598108452
22.44     1.002699508733817
22.45     1.0022712119262227
22.46     1.0017068201676975
22.47     1.0013035229063936
22.48     1.0009090907094735
22.49     1.000467045956855
22.5     0.9999771138688316
22.51     1.0022721742232583
22.52     1.0016890623965171
22.53     1.0012780418679739
22.54     1.0008292857490675
22.55     1.0003243365040928
22.56     1.0024046740764168
22.57     1.0020508242525037
22.58     1.0014281727368528
22.59     1.0012420214487951
22.6     1.000915905425874
22.61     1.000237283459388
22.62     1.0023149501632447
22.63     1.0018989052755989
22.64     1.0014015309276203
22.65     1.0012662273539468
22.66     1.000620029306423
22.67     1.0027375041151836
22.68     1.0024525274995837
22.69     1.0019180961688297
22.7     1.0014193895548713
22.71     1.001001927264486
22.72     1.0029596966860994
22.73     1.002563126093161
22.74     1.0024354548671086
22.75     1.0017790671054092
22.76     1.0038629650648683
22.77     1.003402792629281
22.78     1.0032394557884823
22.79     1.0026261502656983
22.8     1.0021902103130724
22.81     1.0016961629194747
22.82     1.0012582577898765
22.83     1.0009120983601567
22.84     1.0029253337496973
22.85     1.0025530385526153
22.86     1.0019126786838382
22.87     1.0017261097445977
22.88     1.0012389577064065
22.89     1.0007921927414931
22.9     1.0027717973902657
22.91     1.0025211934286322
22.92     1.0018834092580087
22.93     1.0016019191038286
22.94     1.0034729474991266
22.95     1.0032315880248153
22.96     1.002622209305434
22.97     1.0024355372101064
22.98     1.0017885372448858
22.99     1.0016784498488316
23.0     1.0036752090765324
23.01     1.0031091877209721
23.02     1.0027927037141904
23.03     1.0022073170674919
23.04     1.0019108827711727
23.05     1.001362647075231
23.06     1.0033758188348882
23.07     1.003050566388511
23.08     1.0024538419094053
23.09     1.002145158162132
23.1     1.001797287495919
23.11     1.0014603374593523
23.12     1.000925013380882
23.13     1.0027524881425036
23.14     1.0023552096940296
23.15     1.0019871132329659
23.16     1.0016366152417804
23.17     1.003802158939322
23.18     1.003264187480092
23.19     1.0028871056958109
23.2     1.0023929231636004
23.21     1.0019898642314218
23.22     1.0016070492408464
23.23     1.0036559220286176
23.24     1.0032231384735437
23.25     1.0028037208541312
23.26     1.002400869673153
23.27     1.0019869144962679
23.28     1.0016473990770185
23.29     1.0011251749218657
23.3     1.0030834739275571
23.31     1.0026539906054035
23.32     1.002239323482666
23.33     1.0019384252525327
23.34     1.0014532448195086
23.35     1.0009249102528974
23.36     1.0030068555727256
23.37     1.0025430895098377
23.38     1.0022398567167772
23.39     1.0018845742023461
23.4     1.0014504854721191
23.41     1.0011053738905018
23.42     1.0029754503708268
23.43     1.0025654054596032
23.44     1.0021658510009424
23.45     1.001722334697861
23.46     1.0012013464655518
23.47     1.0009504649438643
23.48     1.002801564583186
23.49     1.0023660129404468
23.5     1.0020699849465164
23.51     1.0017808498726817
23.52     1.0036140610995115
23.53     1.0032145406142752
23.54     1.0028178907915712
23.55     1.0024271580242867
23.56     1.0019964661311216
23.57     1.0016513262527384
23.58     1.003538679828309
23.59     1.0030904386211619
23.6     1.0025315244391961
23.61     1.0023020463214298
23.62     1.0018839232272931
23.63     1.0013598022182917
23.64     1.0011494833409564
23.65     1.0030332139883789
23.66     1.002759106012506
23.67     1.0023352855957637
23.68     1.0018349323346432
23.69     1.0014203077932788
23.7     1.0034173493569551
23.71     1.002969163093503
23.72     1.002656227694433
23.73     1.0022409989293948
23.74     1.001807437300195
23.75     1.0013958324628114
23.76     1.0032837826159218
23.77     1.0029717226455255
23.78     1.002547785333574
23.79     1.0021120581614027
23.8     1.0014996059880297
23.81     1.0013438398907526
23.82     1.000976143017828
23.83     1.0004086201104003
23.84     1.0023499389590096
23.85     1.0019505086694538
23.86     1.001585929147928
23.87     1.0013623185853988
23.88     1.0031164572380178
23.89     1.0028063388283268
23.9     1.0025000900269354
23.91     1.0018749600919505
23.92     1.0017134175776952
23.93     1.0010626970069993
23.94     1.0008494441259992
23.95     1.002699083430219
23.96     1.0023448739702014
23.97     1.0016921905728247
23.98     1.001581910937487
23.99     1.0010881738291784
24.0     1.0006263726835622
24.01     1.002492538429192
24.02     1.0022095232109813
24.03     1.001658719297846
24.04     1.0015463159343438
24.05     1.0034082750971085
24.06     1.0030350030670376
24.07     1.0026285269573443
24.08     1.0021945110694388
24.09     1.0018909989873734
24.1     1.001327381328847
24.11     1.0009040076671127
24.12     1.0028670006937015
24.13     1.0024436444525067
24.14     1.0020715079384532
24.15     1.0015997664872005
24.16     1.001236887642994
24.17     1.0008182174047273
24.18     1.0004734936429396
24.19     1.0022621319728457
24.2     1.0018458976420668
24.21     1.0015318541492235
24.22     1.0011695184941525
24.23     1.0030621432746591
24.24     1.0027935766855842
24.25     1.0020349023204131
24.26     1.0017254322972098
24.27     1.0013939887919892
24.28     1.0010418967607597
24.29     1.0027237519188537
24.3     1.002733826738453
24.31     1.0020560231920057
24.32     1.0017109278504424
24.33     1.0013519375846298
24.34     1.0030842534010251
24.35     1.002547051307511
24.36     1.0024802340880798
24.37     1.0020775736687448
24.38     1.001638261630701
24.39     1.0013078858557727
24.4     1.00317992907137
24.41     1.0028813250327422
24.42     1.0023484440824402
24.43     1.001855204742909
24.44     1.0015220219830618
24.45     1.0011867948565731
24.46     1.0008364505876761
24.47     1.0023909880375896
24.48     1.0023118524590464
24.49     1.0015155175007533
24.5     1.0015010566964881
24.51     1.0011600840100408
24.52     1.0027682393234594
24.53     1.0024875457920859
24.54     1.0021935827541661
24.55     1.0018370686816407
24.56     1.0014123008852596
24.57     1.0011341164675145
24.58     1.002988956112414
24.59     1.0025776654027057
24.6     1.0021651607865445
24.61     1.0016208272234197
24.62     1.001366103093146
24.63     1.001063200594159
24.64     1.0006313604340127
24.65     1.0022116304539073
24.66     1.00184928568868
24.67     1.0016811755094868
24.68     1.0014057569655803
24.69     1.0028471648275405
24.7     1.0025779492312938
24.71     1.002156450695896
24.72     1.0020243863257088
24.73     1.0015899713860288
24.74     1.0012084675122652
24.75     1.0029078590009095
24.76     1.002767761872774
24.77     1.0020093720258791
24.78     1.0016759279695138
24.79     1.001507911937631
24.8     1.0010002343434277
24.81     1.0007226779650982
24.82     1.002333981213273
24.83     1.0019587510961876
24.84     1.001842863647047
24.85     1.0010193122408768
24.86     1.0009310036008428
24.87     1.0006637132826304
24.88     1.0022997602991621
24.89     1.0019081721395031
24.9     1.001477157507499
24.91     1.0011565621359892
24.92     1.0007261061241244
24.93     1.0006050280879202
24.94     1.0002468470042305
24.95     1.001809894879789
24.96     1.0017935479047304
24.97     1.0009290113730838
24.98     1.0007161716921817
24.99     1.0024414861581974
25.0     1.00215783635004
25.01     1.0017526241571364
25.02     1.0013805782577152
25.03     1.0009988932525848
25.04     1.0008474160431133
25.05     1.0004176087092167
25.06     1.0020611650865794
25.07     1.0019526625431139
25.08     1.0012637753645253
25.09     1.0011727026356605
25.1     1.0006103528859478
25.11     1.0023574977645844
25.12     1.0019606746697212
25.13     1.001714876840363
25.14     1.001248927625155
25.15     1.0010511694733852
25.16     1.0027842748303575
25.17     1.0022719477608804
25.18     1.0019633988239738
25.19     1.0015122640212342
25.2     1.0010882730784914
25.21     1.0006865486235894
25.22     1.0004399432774433
25.23     1.0002941240630332
25.24     1.0021683825520618
25.25     1.0016163388049446
25.26     1.0010811094470322
25.27     1.0006634893642443
25.28     1.0002763733670408
25.29     1.0021073372246225
25.3     1.0017263913115846
25.31     1.001434144834167
25.32     1.0011799493054054
25.33     1.0008051909272462
25.34     1.0024994503539193
25.35     1.0020059809159585
25.36     1.0018950254194716
25.37     1.001676720381126
25.38     1.003150271679123
25.39     1.002739428255532
25.4     1.0024169909470442
25.41     1.001957669711875
25.42     1.0015429027588847
25.43     1.0012230198208176
25.44     1.000845930247543
25.45     1.0026042620991515
25.46     1.0022750606776636
25.47     1.0018084239794212
25.48     1.0014130364205467
25.49     1.0010837103269203
25.5     1.0008784973965967
25.51     1.0026139534249343
25.52     1.0021693445858229
25.53     1.0017678542869555
25.54     1.001381922945369
25.55     1.0010930122303123
25.56     1.0007032703756957
25.57     1.0002670665551177
25.58     1.0020992775051307
25.59     1.0017377819329525
25.6     1.0013204820651584
25.61     1.000989562777791
25.62     1.0006403890223414
25.63     1.0002057640355229
25.64     1.0019589151026485
25.65     1.001663524365519
25.66     1.0012470973889567
25.67     1.0010104509149351
25.68     1.0026992490712092
25.69     1.0023045074216177
25.7     1.0019826778264997
25.71     1.0015394997684668
25.72     1.0011900018395645
25.73     1.0007790197915543
25.74     1.000434026112846
25.75     1.002244809713585
25.76     1.0018343209301084
25.77     1.0015041488685026
25.78     1.0010954330760167
25.79     1.0008138684272694
25.8     1.0003251673746594
25.81     1.0021472880424394
25.82     1.0018367017322634
25.83     1.0014073296730088
25.84     1.0011839079177638
25.85     1.0007650482033372
25.86     1.002509683302441
25.87     1.0021757578576245
25.88     1.0017709502268677
25.89     1.001348631218222
25.9     1.0011184173360874
25.91     1.0028581147014355
25.92     1.0025339055475262
25.93     1.00205955762889
25.94     1.001813713218887
25.95     1.0013132347384668
25.96     1.0009596674351275
25.97     1.002792642656375
25.98     1.0023425294306039
25.99     1.0020368130426538
26.0     1.0015937840742961
26.01     1.0012046447975453
26.02     1.001211781251365
26.03     1.002666099817561
26.04     1.0023165232329216
26.05     1.0019330752458757
26.06     1.0015288307347925
26.07     1.001178625924751
26.08     1.0007117314592922
26.09     1.0004549969340715
26.1     1.0003432214016619
26.11     1.0019194324278153
26.12     1.0014259465347917
26.13     1.001053502313662
26.14     1.000707326790053
26.15     1.0003355594958259
26.16     1.0000119171272543
26.17     0.9998365851447621
26.18     0.9995162554313461
26.19     1.00103369324572
26.2     1.0006975235195643
26.21     1.0002869463341206
26.22     0.9999371814340188
26.23     1.0016836759119265
26.24     1.001465032765682
26.25     1.0010059008020387
26.26     1.000529431142732
26.27     1.000252022820021
26.28     1.000125704610387
26.29     1.001636066771919
26.3     1.0012683944411702
26.31     1.0009012756868487
26.32     1.0005725793880502
26.33     1.0003501955995873
26.34     1.0021210250313655
26.35     1.0015558852302184
26.36     1.001218026838349
26.37     1.0009936731714155
26.38     1.0008114640220074
26.39     1.002264712849359
26.4     1.0018037603601273
26.41     1.0018099665794848
26.42     1.0015492743983696
26.43     1.0011224941049681
26.44     1.0026943039581444
26.45     1.002555644855253
26.46     1.0020363740005442
26.47     1.0018109723397906
26.48     1.0014581613771814
26.49     1.0009292234036957
26.5     1.0007362893226008
26.51     1.0021410602239973
26.52     1.001748851194412
26.53     1.0014865381299223
26.54     1.0010023138525177
26.55     1.0006547082358737
26.56     1.000244612173448
26.57     1.0000748709162282
26.58     1.0016232669170373
26.59     1.0012713913343358
26.6     1.0010178517653077
26.61     1.0008524773181686
26.62     1.0022724531292984
26.63     1.0021538943450665
26.64     1.0016275146582947
26.65     1.0012032839370002
26.66     1.0012057692890584
26.67     1.0010127367875463
26.68     1.0023464474290402
26.69     1.0022917416461223
26.7     1.001894970999068
26.71     1.0015226956567644
26.72     1.0011202738096692
26.73     1.000676585852656
26.74     1.002289116487549
26.75     1.0019089637644598
26.76     1.0014974897142337
26.77     1.001081646616081
26.78     1.000786627795531
26.79     1.0006253463967245
26.8     1.0021704804914815
26.81     1.001856618718389
26.82     1.0017595265976662
26.83     1.001423632924809
26.84     1.003102083959372
26.85     1.0025613375511644
26.86     1.0024298484021332
26.87     1.0019365579937063
26.88     1.0016907843359635
26.89     1.0013942798679167
26.9     1.0010012707840246
26.91     1.0027640796245996
26.92     1.0024916611060637
26.93     1.002031263141235
26.94     1.0014428245285536
26.95     1.001319089014764
26.96     1.0010073428931923
26.97     1.002413214436263
26.98     1.0022989560903661
26.99     1.0019689792780606
27.0     1.0016060852347792
27.01     1.0012207284705783
27.02     1.0007393690784177
27.03     1.0009836808342973
27.04     1.0022606344752751
27.05     1.0019718278736576
27.06     1.0016334600437504
27.07     1.0011244642423855
27.08     1.0009257067061608
27.09     1.0022496015249456
27.1     1.0021804475075569
27.11     1.0017982938303256
27.12     1.0013759921958918
27.13     1.0010308525980132
27.14     1.0006843252303972
27.15     1.00033389201996
27.16     1.0018254313548578
27.17     1.0017225369782186
27.18     1.0013517758045472
27.19     1.0009765890157996
27.2     1.0024057314664068
27.21     1.002025041054225
27.22     1.0017400793778792
27.23     1.0014105072168462
27.24     1.0012329916965084
27.25     1.000903414935642
27.26     1.0023717028876207
27.27     1.0022833158972846
27.28     1.0018963831519754
27.29     1.001557528792952
27.3     1.0012797646542646
27.31     1.0005578580960712
27.32     1.00042559042806
27.33     1.0018881850293166
27.34     1.0016229720059813
27.35     1.0016439544536722
27.36     1.001270606405173
27.37     1.002635479884802
27.38     1.0026297886506665
27.39     1.002181989098294
27.4     1.0018321962002028
27.41     1.0014081709667455
27.42     1.0011906260897732
27.43     1.0007298841122116
27.44     1.0023894162296698
27.45     1.002169558098467
27.46     1.001795721033132
27.47     1.001436422548503
27.48     1.0010252584057904
27.49     1.000671534088105
27.5     1.0003862235193197
27.51     1.0020588080688781
27.52     1.0017328671712666
27.53     1.001368397499169
27.54     1.0010617032924904
27.55     1.0024153881401545
27.56     1.0020524562778335
27.57     1.001913388203952
27.58     1.0016148606081863
27.59     1.0013733012206913
27.6     1.0009534753843243
27.61     1.0005294488380883
27.62     1.0019712083471932
27.63     1.0019222241072614
27.64     1.00155841991365
27.65     1.0011653891720815
27.66     1.0008839520009831
27.67     1.0004645003082333
27.68     1.0001052515888216
27.69     1.0018602005652089
27.7     1.0014824815255354
27.71     1.001098201711625
27.72     1.000735006059161
27.73     1.0004665937941393
27.74     1.0021547922509528
27.75     1.0019020660266484
27.76     1.001532180094381
27.77     1.0010697818298466
27.78     1.000759601965882
27.79     1.0003556597144436
27.8     1.002129721827933
27.81     1.0017765536094583
27.82     1.001409314073799
27.83     1.0010943083917416
27.84     1.0007490683781866
27.85     1.000331799947043
27.86     1.0000686798594096
27.87     1.001592974749407
27.88     1.0013894553433977
27.89     1.0010026381652246
27.9     1.00283438400137
27.91     1.0023690854127982
27.92     1.0020934735166407
27.93     1.0016512478753876
27.94     1.0012192834687679
27.95     1.000898230695726
27.96     1.0007693153190502
27.97     1.0022227314904817
27.98     1.001993591711346
27.99     1.001620154213795
28.0     1.0013143410788374
28.01     1.0010441579314795
28.02     1.0025955782701195
28.03     1.0022257444200176
28.04     1.001841213750484
28.05     1.0015666010057607
28.06     1.0012150825627941
28.07     1.0008372472642555
28.08     1.0024666030929879
28.09     1.0022309789075061
28.1     1.0017716578171747
28.11     1.001450131300647
28.12     1.0012048421707893
28.13     1.0007909054749624
28.14     1.0023788769362731
28.15     1.0020904916181415
28.16     1.0017523676107847
28.17     1.0014327715959395
28.18     1.0010743791336079
28.19     1.0008373912014128
28.2     1.00238267813553
28.21     1.0020227374468338
28.22     1.0016077572706104
28.23     1.0013806242465215
28.24     1.0009676237394685
28.25     1.0006523870589157
28.26     1.002224498015273
28.27     1.002006389506385
28.28     1.0015955449922798
28.29     1.001281734881263
28.3     1.0009430715347194
28.31     1.0006469234971467
28.32     1.0002462518640016
28.33     0.9999013644842625
28.34     1.0014175315857994
28.35     1.0011759016902873
28.36     1.0007881937921699
28.37     1.0004786192297184
28.38     1.0001374301552177
28.39     1.0017915695589779
28.4     1.001447400500971
28.41     1.0011009442315804
28.42     1.0007482170946425
28.43     1.0005369679049017
28.44     1.0001084433455256
28.45     1.0018010579644785
28.46     1.0014680939005378
28.47     1.0010495616156827
28.48     1.0006541017330037
28.49     1.000410152571185
28.5     1.0020002649861874
28.51     1.0017639635161093
28.52     1.0012344551894137
28.53     1.0010557393042243
28.54     1.0006888755903178
28.55     1.0002812325579393
28.56     1.0020490192459033
28.57     1.00159515672286
28.58     1.001322967221065
28.59     1.0008348178300503
28.6     1.0003328762060653
28.61     1.000232217860211
28.62     0.9998646578203287
28.63     1.0014370496002216
28.64     1.0012876958845556
28.65     1.0008123253164554
28.66     1.0005746755553995
28.67     1.0021525382852103
28.68     1.0018520330009448
28.69     1.0014373815820121
28.7     1.0010832480162726
28.71     1.0007523829278826
28.72     1.0004065937797262
28.73     1.0016998080748134
28.74     1.0017478721651545
28.75     1.0014556183094496
28.76     1.001042268075208
28.77     1.0007292799308631
28.78     1.0020094630826992
28.79     1.0019797747151682
28.8     1.001668797940286
28.81     1.0013180828783457
28.82     1.0009692337589715
28.83     1.0006374789956518
28.84     1.001940240681442
28.85     1.0018571414151185
28.86     1.001604025535556
28.87     1.0009905891024284
28.88     1.000969493185323
28.89     1.0006143765333035
28.9     1.0003387050020263
28.91     1.001565126810131
28.92     1.0013722521583146
28.93     1.0012410475280982
28.94     1.000659542637764
28.95     1.0004607823526273
28.96     1.0017848423008093
28.97     1.0015099614656897
28.98     1.0012912919075343
28.99     1.0011125183827287
29.0     1.0006941260871876
29.01     1.002447824344967
29.02     1.0021105712066498
29.03     1.0017642126604505
29.04     1.0030706049710272
29.05     1.0030207790067176
29.06     1.0027121867032693
29.07     1.0020898777453942
29.08     1.002113779385227
29.09     1.0017887696139054
29.1     1.001452272460235
29.11     1.002995270556453
29.12     1.0026839339732159
29.13     1.0023125414431724
29.14     1.0020349125171564
29.15     1.0017208704696516
29.16     1.0032327820441977
29.17     1.0029853902335124
29.18     1.0025948566805702
29.19     1.0023716260069284
29.2     1.001879500776909
29.21     1.0016428798719974
29.22     1.001182878811621
29.23     1.0025767342161278
29.24     1.0024790186409707
29.25     1.0022017836825374
29.26     1.0018443968675526
29.27     1.0014903690523491
29.28     1.001187074147878
29.29     1.0027526104976043
29.3     1.0025339682057557
29.31     1.0021077489541306
29.32     1.0017775005858305
29.33     1.0014543982672668
29.34     1.0028176844485375
29.35     1.0027613848448815
29.36     1.0023546231144156
29.37     1.00201574184053
29.38     1.001691992632234
29.39     1.001507357115322
29.4     1.0027843507449499
29.41     1.0024324263892714
29.42     1.0023411157842894
29.43     1.001984957435891
29.44     1.001360457799867
29.45     1.0013903083837583
29.46     1.0026502824475598
29.47     1.00228676386727
29.48     1.0022237150812596
29.49     1.0016946715369146
29.5     1.0016583554541254
29.51     1.001373239587517
29.52     1.0009343174045908
29.53     1.0024542072780942
29.54     1.0023363586108673
29.55     1.0018343130226048
29.56     1.0015833251672972
29.57     1.0028268124939694
29.58     1.0027905373577495
29.59     1.002543907795552
29.6     1.0021592969819129
29.61     1.0017742670801963
29.62     1.0015424998180342
29.63     1.0012065785578308
29.64     1.0023892119475506
29.65     1.0023922777349572
29.66     1.0020534949484363
29.67     1.0014587570098972
29.68     1.0012956700793512
29.69     1.002644709917402
29.7     1.0026990796011273
29.71     1.0023200661927787
29.72     1.0019728854810364
29.73     1.0017370978007871
29.74     1.001310992035398
29.75     1.0010813561096317
29.76     1.0006946846341038
29.77     1.0018849917827801
29.78     1.001928151615788
29.79     1.0016769704641488
29.8     1.0012892278991319
29.81     1.000950780707435
29.82     1.0005049301553894
29.83     1.000290057391014
29.84     0.9998642451658943
29.85     0.9997351482770623
29.86     1.0008528773847412
29.87     1.0008346513711959
29.88     1.0003174011276472
29.89     1.000157886975353
29.9     0.9999028279359419
29.91     1.0011897105440815
29.92     1.0009584133842047
29.93     1.0004908844079803
29.94     1.0002026246805644
29.95     1.000110920558802
29.96     0.999848615759945
29.97     1.00119024627088
29.98     1.0008107879466959
29.99     1.0008422060469666
30.0     1.0004387169219147
30.01     1.0002270453144322
30.02     0.9998173049354793
30.03     1.0014427751000452
30.04     1.001029018035889
30.05     1.0007871296996622
30.06     1.000363621763339
30.07     1.0017462544326587
30.08     1.0017202101926614
30.09     1.001316036877196
30.1     1.0009716782202474
30.11     1.0007690140437089
30.12     1.002311328552914
30.13     1.0020374497336915
30.14     1.0016416991053967
30.15     1.0012993951160984
30.16     1.0008450988294215
30.17     1.0006667358890802
30.18     1.0018300810899887
30.19     1.0018616460521006
30.2     1.0015462557978962
30.21     1.0008859065627818
30.22     1.0005166828300092
30.23     1.0004904999042215
30.24     1.0017064689018194
30.25     1.0014958902998972
30.26     1.0010414398244518
30.27     1.000945341030141
30.28     1.0008273689466418
30.29     1.0020438029593601
30.3     1.0017608289383806
30.31     1.0013698394418762
30.32     1.0013566512872436
30.33     1.0011548413355615
30.34     1.0023150331755029
30.35     1.0022367814302156
30.36     1.0019808773119383
30.37     1.0016746349145587
30.38     1.0010606491873415
30.39     1.001085983863675
30.4     1.000802188113683
30.41     1.0019686249179398
30.42     1.0018993682221333
30.43     1.0016170293256734
30.44     1.0013401237104265
30.45     1.0009723929616372
30.46     1.0005945823528017
30.47     1.001846991137563
30.48     1.0018456409744614
30.49     1.0015768666578655
30.5     1.0012347792249523
30.51     1.0024352439030328
30.52     1.00229847326337
30.53     1.002127353464051
30.54     1.001790872692232
30.55     1.0015173496330865
30.56     1.0011897212626522
30.57     1.002407538383035
30.58     1.0024230551703475
30.59     1.0021071452240866
30.6     1.0017035959334741
30.61     1.0014605581127591
30.62     1.0010812130792266
30.63     1.002345883464998
30.64     1.001996833033615
30.65     1.0019831892065878
30.66     1.0017715308578268
30.67     1.001073992809793
30.68     1.001058849529395
30.69     1.0023246465800784
30.7     1.002135667605327
30.71     1.0019874669305309
30.72     1.0016437210407614
30.73     1.0013345211980813
30.74     1.0008048728297767
30.75     1.0022721359610982
30.76     1.0021949718564942
30.77     1.0019046622269718
30.78     1.0015240818763966
30.79     1.001279773122729
30.8     1.000908991601762
30.81     1.00073381112478
30.82     1.0021752729014826
30.83     1.0018085835123054
30.84     1.0015931952971908
30.85     1.0027351291559046
30.86     1.0025977286406593
30.87     1.0024374053613094
30.88     1.001892611635137
30.89     1.0018078959237
30.9     1.0015801702992504
30.91     1.0026816498580366
30.92     1.0027585121583282
30.93     1.0023336283578677
30.94     1.0017066372827461
30.95     1.0016110453471037
30.96     1.001417275406624
30.97     1.0011482482478025
30.98     1.0023811585111118
30.99     1.002258943294692
31.0     1.0021196744102236
31.01     1.0017804153548362
31.02     1.0032418535667507
31.03     1.0028539884659802
31.04     1.0025873028117245
31.05     1.002266086996942
31.06     1.0020614011715034
31.07     1.0017146024381354
31.08     1.0014621745856345
31.09     1.0011389376819093
31.1     1.002595601241296
31.11     1.0021959226616477
31.12     1.0019317875604923
31.13     1.001655410133795
31.14     1.0013586860655668
31.15     1.0009842069663233
31.16     1.0006641590872045
31.17     1.002136074665403
31.18     1.001884564861612
31.19     1.0015836007103351
31.2     1.0012690281512258
31.21     1.002529832845423
31.22     1.0025118904313113
31.23     1.0021277669951087
31.24     1.0019324216358303
31.25     1.001693839982968
31.26     1.0014465412198645
31.27     1.0026286561772846
31.28     1.0025172000005915
31.29     1.0020591704623354
31.3     1.0018723686001216
31.31     1.0015913809538348
31.32     1.0011688729750068
31.33     1.0009974562678345
31.34     1.0023807892519947
31.35     1.0021286576766155
31.36     1.0017929641185748
31.37     1.0013899125671937
31.38     1.0029221882898942
31.39     1.0025926839524648
31.4     1.0024738459391471
31.41     1.0020112436182982
31.42     1.0016539834240836
31.43     1.0013870700798608
31.44     1.0029077204311967
31.45     1.0025806397752715
31.46     1.0022202238984328
31.47     1.0019520435194125
31.48     1.0016911788141762
31.49     1.001297699988358
31.5     1.0011538312095583
31.51     1.000945984016611
31.52     1.0021497926929113
31.53     1.0019310392802134
31.54     1.001732295244871
31.55     1.0014161019004464
31.56     1.002823400219071
31.57     1.0025166436661808
31.58     1.0023044753583892
31.59     1.001972529195015
31.6     1.0016323333772075
31.61     1.0013543468837018
31.62     1.0012379687591564
31.63     1.0010478515892074
31.64     1.0020984098915298
31.65     1.0017696055081553
31.66     1.0016041137244496
31.67     1.0015136233031114
31.68     1.002809721738405
31.69     1.0025188551140036
31.7     1.0022875643642617
31.71     1.0018690840515696
31.72     1.0015542108987059
31.73     1.001239213149215
31.74     1.001232597972761
31.75     1.0023836366463525
31.76     1.0022398629296512
31.77     1.0019504540863586
31.78     1.0016987944283944
31.79     1.0014578620162582
31.8     1.0027079372359067
31.81     1.0023968998927735
31.82     1.0022714973024918
31.83     1.0019047346906986
31.84     1.0016128751216915
31.85     1.001396184566008
31.86     1.0024972864805777
31.87     1.0024247116298968
31.88     1.0021129920966174
31.89     1.001758373100538
31.9     1.0014005100376286
31.91     1.0010355495319805
31.92     1.0007632101808237
31.93     1.0021313512286876
31.94     1.0019651494068562
31.95     1.0017578983159217
31.96     1.001183978705213
31.97     1.0010712309309688
31.98     1.000699330419876
31.99     1.0005400977291916
32.0     1.000377014428281
32.01     1.0015825582022715
32.02     1.001256919059874
32.03     1.0012561031501352
32.04     1.0009428254343755
32.05     1.000590054213017
32.06     1.0018394726671034
32.07     1.0018050011180861
32.08     1.001586939931039
32.09     1.0012537781176134
32.1     1.0008954578328038
32.11     1.0007038875840286
32.12     1.0005908038883342
32.13     1.0017764554333937
32.14     1.0017990295014152
32.15     1.0014672748359925
32.16     1.001259081248112
32.17     1.00091398722804
32.18     1.0004924376991446
32.19     1.0002136299036464
32.2     1.0000191944583539
32.21     1.0014675376789313
32.22     1.0011693576664902
32.23     1.0009560800782364
32.24     1.0005855886260897
32.25     1.0003375437684225
32.26     0.9999794156999311
32.27     1.0000131243998591
32.28     1.0012082929086907
32.29     1.0007334916828128
32.3     1.0004748100344623
32.31     1.000232757325512
32.32     0.9999214975181931
32.33     0.999649949645361
32.34     1.0011078382048886
32.35     1.0008158260535949
32.36     1.0004626629337334
32.37     1.001849515276448
32.38     1.0016064826629663
32.39     1.0013715957351053
32.4     1.0009063605119777
32.41     1.0006877992183847
32.42     1.000332164182342
32.43     1.000125406321933
32.44     1.001624025411537
32.45     1.0012965880538496
32.46     1.0010366078282238
32.47     1.0005618812196608
32.48     1.0003889848165088
32.49     1.0015269724107925
32.5     1.0014577964269369
32.51     1.0011910293473023
32.52     1.0007964835743666
32.53     1.0005119854525188
32.54     1.0002750124338156
32.55     1.0017096146808024
32.56     1.001346474558748
32.57     1.0010286403282045
32.58     1.0007869776876013
32.59     1.0004764421710612
32.6     1.0001826348611813
32.61     0.9997693353716904
32.62     1.0010823571358343
32.63     1.0009249874086916
32.64     1.000739203097917
32.65     1.000342515373038
32.66     1.0000552062341266
32.67     0.9999264545286101
32.68     1.0009673630142712
32.69     1.0009289069846556
32.7     1.0006093445332918
32.71     1.0003374702964674
32.72     1.001591662911388
32.73     1.0013434276347883
32.74     1.0011701294712843
32.75     1.0008674118753174
32.76     1.0007385763842853
32.77     1.0018435064384508
32.78     1.0017244842680262
32.79     1.001417207766077
32.8     1.0012275970508915
32.81     1.0009413190495458
32.82     1.0006254890847701
32.83     1.0003262912850595
32.84     1.0018487767876965
32.85     1.0014801449191326
32.86     1.001291892187533
32.87     1.0009350674236264
32.88     1.000637952956489
32.89     1.0019444656313525
32.9     1.0016198529416855
32.91     1.0013910414831277
32.92     1.0011194119944316
32.93     1.000887438886292
32.94     1.0006350393239414
32.95     1.0002649977654638
32.96     1.0013027718588488
32.97     1.0011316412725064
32.98     1.0007000574886746
32.99     1.0004576444026758
33.0     1.0016565875922965
33.01     1.001269747605072
33.02     1.0010466214841423
33.03     1.0007618617327327
33.04     1.0006657326495767
33.05     1.0019498342238153
33.06     1.0015494605750939
33.07     1.001299322138114
33.08     1.0009405928500068
33.09     1.0006898628110485
33.1     1.0004012877034771
33.11     1.001764912778169
33.12     1.0013348976291243
33.13     1.0011015698624128
33.14     1.000690201724628
33.15     1.000552358562366
33.16     1.00184743778585
33.17     1.0014823322847564
33.18     1.0012350509787258
33.19     1.0009911446777526
33.2     1.0006829639871757
33.21     1.0004926247858341
33.22     1.0017930046313839
33.23     1.0013659740098158
33.24     1.0011793452079536
33.25     1.0009216245378643
33.26     1.000586934738215
33.27     1.0019237359227138
33.28     1.0017341403333493
33.29     1.0014298895127665
33.3     1.0011411007092401
33.31     1.0007757015373344
33.32     1.0020212906798087
33.33     1.0019918555223157
33.34     1.0016787239057947
33.35     1.0013151144909114
33.36     1.0010856460885742
33.37     1.0007306897798014
33.38     1.002101101453812
33.39     1.0018718668578608
33.4     1.001629559880121
33.41     1.0012139024617825
33.42     1.0009183273819957
33.43     1.0007902451428128
33.44     1.0003614881750102
33.45     1.0018131031454425
33.46     1.0015181321093198
33.47     1.0012583266699295
33.48     1.0008669233676994
33.49     1.000730987914078
33.5     1.0003341500622647
33.51     1.0001791951154577
33.52     1.0015139055823317
33.53     1.0011008619518913
33.54     1.0009617961578563
33.55     1.0005597056946551
33.56     1.000378236035563
33.57     1.0000288068548664
33.58     1.001361028064268
33.59     1.0012126551674252
33.6     1.0008484108403857
33.61     1.000553072255706
33.62     1.0002154761729047
33.63     1.000117073291252
33.64     1.0013484845346168
33.65     1.0010103045150627
33.66     1.000861202625129
33.67     1.0005230200617738
33.68     1.000224629905426
33.69     1.0016851809561285
33.7     1.001405092488671
33.71     1.001004603041598
33.72     1.0007586472710153
33.73     1.0020654171208796
33.74     1.0018380642687803
33.75     1.001491709917177
33.76     1.0013046017479588
33.77     1.0009923852340363
33.78     1.0023392436472403
33.79     1.0023007784524078
33.8     1.0017774908410721
33.81     1.0014774672775095
33.82     1.0013002400817277
33.83     1.0009486371429046
33.84     1.000759118038847
33.85     1.000673395545445
33.86     1.0017943308376964
33.87     1.0014917897900222
33.88     1.001248390865606
33.89     1.001051447500362
33.9     1.0008621315891069
33.91     1.0004573959798106
33.92     1.0002748982068639
33.93     1.0001815065453037
33.94     1.0012459767329032
33.95     1.0009837006017954
33.96     1.0007154608477398
33.97     1.000699802601948
33.98     1.0018289763398216
33.99     1.0016202317946408
34.0     1.0013381656454872
34.01     1.001141573283377
34.02     1.0009680035043254
34.03     1.0020678216230396
34.04     1.0018358612402798
34.05     1.0016807500523308
34.06     1.0013307639631517
34.07     1.0011494251685826
34.08     1.000855705140873
34.09     1.0006749519000295
34.1     1.0018792061978585
34.11     1.0015760716737492
34.12     1.0013358047898353
34.13     1.0012183806350279
34.14     1.0008045401448253
34.15     1.0006178880362246
34.16     1.0003152250829506
34.17     1.0015269168660688
34.18     1.0012268642368378
34.19     1.0009417814769377
34.2     1.000768605206931
34.21     1.0019391859013922
34.22     1.0017493274508107
34.23     1.0014679919049785
34.24     1.0011946492929038
34.25     1.0009823338389028
34.26     1.0006970598861267
34.27     1.000518998723908
34.28     1.0018180379152708
34.29     1.0015725357904197
34.3     1.0012857495419132
34.31     1.0009412701547362
34.32     1.0007449610757329
34.33     1.0005088918072618
34.34     1.0001762081160679
34.35     1.0014850558678068
34.36     1.0011888176872021
34.37     1.000942672285098
34.38     1.0006516524902043
34.39     1.0003181908218373
34.4     1.0002329240201828
34.41     0.9999421829417121
34.42     1.0011811390994467
34.43     1.0008871782711708
34.44     1.0005939063199705
34.45     1.0003552106676024
34.46     1.0000744500393837
34.47     1.0012633082089317
34.48     1.0009900469221626
34.49     1.0007452449109255
34.5     1.000447697511456
34.51     1.0002590673574572
34.52     0.9998596654702292
34.53     0.9996314274319906
34.54     1.0009693730247426
34.55     1.0007812844889552
34.56     1.0004395867241604
34.57     1.0016950828091495
34.58     1.0015986269219848
34.59     1.0013112170287632
34.6     1.000985503417496
34.61     1.0007414165543314
34.62     1.0004032693386447
34.63     1.0015477733386926
34.64     1.0014133239477336
34.65     1.0012269966785472
34.66     1.0008590462371625
34.67     1.0005763815731736
34.68     1.0003942214260075
34.69     1.0000637968639277
34.7     1.001396817183495
34.71     1.001106459388041
34.72     1.0007780304945149
34.73     1.0006316867070955
34.74     1.0016088404811263
34.75     1.0013652486338585
34.76     1.0011521249552355
34.77     1.001020196962153
34.78     1.000567512518889
34.79     1.0004239359612224
34.8     1.0002120766475764
34.81     1.0012326085242746
34.82     1.00110090624294
34.83     1.0007573153527412
34.84     1.0005139018043392
34.85     1.000239302293928
34.86     0.9998494392976076
34.87     0.999696656596302
34.88     1.0007734175378102
34.89     1.0005406772636116
34.9     1.0004247172073626
34.91     1.0002935100854768
34.92     1.0013908522993722
34.93     1.0012620185534973
34.94     1.0008286213604296
34.95     1.0005429912969708
34.96     1.0003217753919682
34.97     1.0000827473564229
34.98     0.9998032018590818
34.99     1.0010709525778123
35.0     1.0009509121719171
35.01     1.0007169824118212
35.02     1.0004288075983576
35.03     1.0002481809385466
35.04     0.9999407511777068
35.05     0.999712787486147
35.06     1.0007358123749734
35.07     1.0005904189435477
35.08     1.0002767744821537
35.09     1.0000331116406527
35.1     0.9998915281464414
35.11     1.0011126892748732
35.12     1.0008302629675956
35.13     1.0008231549577513
35.14     1.0003798379489806
35.15     1.000299243013591
35.16     1.0003552512782656
35.17     1.0001299786881448
35.18     1.0014162585495952
35.19     1.0011252504044594
35.2     1.0005756134298605
35.21     1.0002574900609649
35.22     1.0000210310325028
35.23     0.9997403645316842
35.24     1.000932567926913
35.25     1.0008155814482471
35.26     1.0004675549788398
35.27     1.0001522910739142
35.28     1.0014616418424336
35.29     1.0012721841872418
35.3     1.0010009712298584
35.31     1.000658519315494
35.32     1.0004707376985584
35.33     1.0002080069471928
35.34     1.0014010783426546
35.35     1.0012184634149357
35.36     1.0008861647201386
35.37     1.0007129188963155
35.38     1.0006302475467508
35.39     1.0016906144995381
35.4     1.0015755684892498
35.41     1.0011724307552043
35.42     1.0008900551674145
35.43     1.0006223644636247
35.44     1.0004372906039294
35.45     1.0018096179077718
35.46     1.0013694368365125
35.47     1.001141092956712
35.48     1.0007946192604604
35.49     1.0005581972313509
35.5     1.0006042566464195
35.51     1.0016559495175619
35.52     1.0014677671596168
35.53     1.0010900776242189
35.54     1.0010511675245632
35.55     1.000789242995396
35.56     1.0018259190921495
35.57     1.0016304297422411
35.58     1.0013212185414115
35.59     1.0009681584838874
35.6     1.0007524751322632
35.61     1.0004229765863772
35.62     1.0003004912291074
35.63     1.0015471229986435
35.64     1.0011585951631574
35.65     1.0008788649356455
35.66     1.0006937286577917
35.67     1.0003759368983773
35.68     1.0002926029688628
35.69     1.0015408420312948
35.7     1.0011496842279457
35.71     1.0009133032210564
35.72     1.0006949064345154
35.73     1.0005996987501475
35.74     1.001728926971325
35.75     1.0014496279047496
35.76     1.0014776614381578
35.77     1.0009220907849254
35.78     1.000895615185278
35.79     1.000588995562133
35.8     1.001609384367984
35.81     1.0016595638819596
35.82     1.0013773942366615
35.83     1.001105238726493
35.84     1.000858478692794
35.85     1.0005947637721815
35.86     1.0002574430959281
35.87     1.0015034479203093
35.88     1.0013293975013597
35.89     1.001086918555049
35.9     1.000804147734213
35.91     1.0006010537863377
35.92     1.0003692241442714
35.93     1.0016021549069691
35.94     1.001333207445988
35.95     1.0009846149282704
35.96     1.0008150315710536
35.97     1.0004416183083529
35.98     1.0002916445506522
35.99     1.001230490594646
36.0     1.0010585041827973
36.01     1.0009856954966687
36.02     1.0008114672171486
36.03     1.0017853419929879
36.04     1.0015002346751223
36.05     1.0012843144571324
36.06     1.0011857261547088
36.07     1.0009595275984446
36.08     1.0006773484648217
36.09     1.0004856452621018
36.1     1.0002296509362671
36.11     1.0014634288824233
36.12     1.0011841375774335
36.13     1.0009925978487118
36.14     1.0005668734297233
36.15     1.0002869962116427
36.16     1.001585983387171
36.17     1.0014507353659619
36.18     1.0011322144489034
36.19     1.0007992194261415
36.2     1.0005851046390966
36.21     1.0004067384949706
36.22     1.0014823124997827
36.23     1.0014140298916447
36.24     1.001076618843501
36.25     1.0009714734736668
36.26     1.0004863874773124
36.27     1.000356827814615
36.28     1.0000317254885764
36.29     1.0013141542376183
36.3     1.0010914601150753
36.31     1.0007113406816306
36.32     1.0005683081143502
36.33     1.0003557104959981
36.34     1.0014667935654322
36.35     1.0013486779675524
36.36     1.0010840412057098
36.37     1.0008194018092693
36.38     1.0005323193498594
36.39     1.0018688963912208
36.4     1.0016153251948376
36.41     1.0012902683415745
36.42     1.001040230532235
36.43     1.000759196059535
36.44     1.0019397545350337
36.45     1.0018278019203215
36.46     1.0013895767176102
36.47     1.0012002934143236
36.48     1.000995284568136
36.49     1.0006725183742515
36.5     1.0002990530782494
36.51     1.0001794042486023
36.52     1.001488135190928
36.53     1.0012588268998655
36.54     1.0009948769753734
36.55     1.0006689145447463
36.56     1.0004531857943695
36.57     1.000498861851266
36.58     1.0014541295364379
36.59     1.0012250072271733
36.6     1.0009008509746706
36.61     1.0006192905477687
36.62     1.0007176144913896
36.63     1.000087644364738
36.64     1.0000676901702275
36.65     0.9999426919442914
36.66     1.0009100395797497
36.67     1.0006273677597826
36.68     1.0006122474077674
36.69     1.00037673092673
36.7     1.0000678588011755
36.71     0.9997952519303777
36.72     1.001040188847014
36.73     1.0008451741747686
36.74     1.0005712006949188
36.75     1.0002818197263181
36.76     1.0000736968213702
36.77     1.0010777977357885
36.78     1.0007431511062685
36.79     1.0004887916854068
36.8     1.0001642173192526
36.81     1.0002420584802278
36.82     1.000088210994312
36.83     0.9997719776226976
36.84     1.0010677328409172
36.85     1.000758364341375
36.86     1.000458599982915
36.87     1.000256702200736
36.88     0.9999772000115672
36.89     0.9998114720485891
36.9     1.0009768121140568
36.91     1.0007612260159204
36.92     1.000470277459874
36.93     1.000211540246076
36.94     0.9999299381042562
36.95     1.0012289852689487
36.96     1.0009159741491411
36.97     1.0006431965060116
36.98     1.000387805668758
36.99     1.00028255419703
37.0     1.0013719617491796
